.packageName <-
"utils"
.Random.seed <-
c(403L, 10L, -118064244L, -74498865L, -1779768187L, -609243332L, 
1573137938L, -301912819L, -2083162553L, 968633390L, -1703399032L, 
353167499L, -1710587287L, -1683554760L, 1435014886L, 1045672577L, 
-1297203693L, -32421438L, -2065866124L, -415988617L, 1730760045L, 
936702468L, 1049022762L, -1809578347L, -1598722769L, -159459274L, 
1101261920L, -1577549149L, -1279085119L, -1899265616L, 611705038L, 
1659829817L, -2059321269L, -494931462L, 665726204L, -1979596481L, 
-1037713899L, -652051156L, 425283074L, -1428171555L, -1292972073L, 
-63395138L, 1789570296L, -259386661L, -1667577543L, 471567496L, 
862387254L, -426850191L, -1001686365L, -1325015054L, 1174074180L, 
-157197305L, 577042909L, -62896428L, 905538042L, 424068421L, 
-1018293857L, 931869478L, -1040708688L, 1517680723L, -2061405327L, 
139264672L, -488245698L, -27132599L, -575257605L, -251582518L, 
2002262316L, 908506415L, 1221540837L, -1239842148L, -383596814L, 
998168429L, 865771687L, 1000940238L, -962572248L, -554537941L, 
1895521865L, -1750821032L, -980090362L, -208851999L, 511428979L, 
957737442L, -1633448620L, -1850661801L, -1456863155L, -102986780L, 
485878218L, 1205104693L, 1554771599L, -179126378L, 1406976832L, 
853863939L, 993063969L, 881456912L, 829844718L, -891210599L, 
-1343315669L, -157329382L, -482913572L, 434246367L, -1517597515L, 
685943372L, -1163962718L, -1622295043L, 869095159L, -2071904226L, 
-1456319784L, 1384445499L, -1792850983L, 831205736L, 738150550L, 
-201849327L, -618414141L, 1921876946L, 1706524260L, 219712935L, 
-1027202307L, -1948281100L, 1438335450L, -325319387L, 1799095359L, 
83768262L, -1121247152L, -2054353805L, 1926635665L, 2045542592L, 
78670494L, 550217321L, -302147941L, -1959134294L, 1586257868L, 
-1789554033L, -441402683L, -870985092L, -309461294L, 199547469L, 
-1580321017L, -1878205714L, -1044181048L, 1992822987L, 956920105L, 
141379960L, 1643978406L, 1905969345L, 1856389459L, -1866912254L, 
-1248954572L, -1944488777L, -1192450899L, 2121826756L, 1211671018L, 
-1250443691L, -2137485329L, 1067368438L, -1601668832L, 1634842339L, 
1255559041L, -1137862160L, 1083164814L, 1263120377L, -1426487925L, 
504717754L, -1718476612L, -1299840001L, -684797611L, -1020032404L, 
2016534210L, 986417437L, -358850665L, 2108201726L, 1476542648L, 
-48575845L, -706844423L, -1826465208L, -1353251466L, 7017649L, 
1055414499L, -639019086L, -1673328636L, -1370924217L, 1052340765L, 
1357039764L, -860960710L, 878815877L, 979688287L, -1031851034L, 
-209371536L, 1484550547L, -946194895L, -1043682080L, 763592062L, 
-126242807L, 1906909243L, 1275112970L, -1687814676L, 311095919L, 
675429797L, -802783908L, -899120846L, 1506517037L, -2077843737L, 
2097329166L, -1391673880L, -833918997L, 1059174537L, -457991144L, 
-1978991802L, -1161754207L, 29538355L, 383677858L, -804564844L, 
630028055L, -331153139L, 1434347556L, 1892280330L, -1534206603L, 
1039437007L, -275587114L, 2088034176L, 255480771L, 2030654817L, 
1759259600L, -1204237522L, 832222937L, 1414489323L, 147072346L, 
-299870436L, 1883476511L, -1722699147L, -557309868L, 83234792L, 
-981980934L, 80227152L, 480902956L, 1053239668L, -846402670L, 
-936859552L, -232075892L, -247440544L, -1663157790L, 63271848L, 
1204040908L, -895942660L, -438573646L, 103871984L, -190215228L, 
420554072L, 500717946L, -336264272L, 1161923004L, 463157332L, 
-236472382L, 1191968L, 1694841020L, 1605603920L, -206261278L, 
1966506088L, 230048844L, -27191044L, -1483174926L, 2014234880L, 
1540309364L, 689302536L, -655196230L, 1969238480L, 782531564L, 
1421353364L, -1294528046L, 1502744928L, 972672844L, 1879595296L, 
-1565868158L, -58544408L, 1671643372L, 172962876L, -1813824654L, 
1458060912L, 299602980L, 1475758904L, 174369946L, 1150751440L, 
1446871228L, -1920782700L, -714197374L, -296007488L, -1159847108L, 
-178987888L, -892535262L, -805318648L, -698508020L, 657992860L, 
-1718288878L, 2035711872L, 107630100L, -438588888L, 2018211130L, 
1338132944L, -351194004L, -1140905676L, 1240307346L, -137524384L, 
-1192430772L, 754202592L, 1460508578L, 476546984L, -2114703988L, 
172132540L, 1888553330L, -1650354960L, -1965936572L, 1778884952L, 
-1711856070L, 1780841328L, 524957756L, -1897505004L, 96167362L, 
415595232L, 1636341628L, -2115576112L, 1237670050L, -662598616L, 
915662092L, 391669692L, -1058051790L, 741894592L, -1121301964L, 
-1332601912L, -1905313606L, -2112968304L, -1532931604L, 1662894676L, 
164688018L, 740273952L, -1860638260L, -347630112L, -86968638L, 
-1812536280L, 1396028076L, 1770644668L, -1729435150L, -61951696L, 
1080464548L, -925595976L, -1072317094L, 1894675856L, 828330876L, 
128968980L, 822870850L, -308094208L, -1456048196L, 1818746704L, 
2056012578L, -876552888L, 491219468L, -274216868L, -1056998190L, 
1236605440L, 201452884L, 1283234280L, -386626566L, 1380434128L, 
-1916105428L, -51010828L, -1544087150L, 347649120L, -2078628596L, 
-931327264L, 1593461090L, -561046872L, 777126476L, -1207012996L, 
745948466L, 480047216L, -953972924L, 1342111192L, -1983705990L, 
-1864094160L, 1852115644L, 175415124L, -1626205118L, -2130346592L, 
-1058714948L, -1898694192L, 506592610L, 296218600L, 1997998028L, 
-2056827140L, -414473742L, -1595438976L, -1973287692L, 652347016L, 
-1379838150L, 2016047952L, 172877420L, -1765080940L, -1320578734L, 
-1864646944L, 2051486412L, 250802336L, -769705086L, 1352856296L, 
-1343319316L, -1048011716L, 1617072754L, 186610800L, -2026715612L, 
955794488L, 193214490L, -1053304112L, -235514820L, -695327596L, 
1330158722L, 1083131840L, -22357700L, -1542204784L, -990663646L, 
716456968L, 1861585036L, 1740848156L, 389174930L, -1826257792L, 
-2032824300L, -497556184L, 1768967738L, 835347664L, -547302292L, 
-1717357900L, -774301678L, -94074912L, -1823035444L, 74681824L, 
1376501282L, 772942120L, -1818455796L, 1760257596L, 1313280242L, 
-276026640L, -427633852L, -685385128L, -2113174982L, -1920530704L, 
1170803900L, 529468948L, 1356169410L, 733618272L, 2049289596L, 
-214352688L, 497372194L, -2054210904L, -838484084L, -363423300L, 
117802034L, -1326020800L, -820324172L, -845958328L, -1962325318L, 
1768968264L, 451003878L, 1143806739L, 17464437L, -678369710L, 
1069850784L, 321747337L, -1814955589L, 1250678284L, -1934504038L, 
1982363407L, 394915161L, -627963922L, -1694896516L, 1640879853L, 
665690519L, 286124640L, 2006163518L, -530454261L, -192812147L, 
-1796265798L, 1982263032L, 1937286305L, 795410515L, -1954337932L, 
1093392642L, 765819287L, 8053601L, -1501218906L, -1147432540L, 
1969309781L, 1050795263L, -694787688L, 1354988214L, 1288082243L, 
860491397L, -473054430L, 1402337296L, 1184449465L, 1684612203L, 
-1206421668L, 1467960970L, 93952639L, -840367159L, -2104582050L, 
1630225164L, 1515940573L, 1819247591L, -2009507824L, 1996436782L, 
-1116010021L, 782552765L, -2062336982L, -1763558200L, 1633737201L, 
-1359374493L, 79548260L, -731404654L, 1051231079L, -1143722703L, 
253462134L, 1315207060L, 704644005L, 1708569775L, -138286744L, 
-1884614330L, -797218573L, 931231317L, 1166088754L, -1741019136L, 
-1210008343L, -1791607973L, 1516133804L, 153535930L, -1131314321L, 
755586297L, 288868750L, 901594204L, -1723167027L, -1745737161L, 
391930048L, 868642718L, 109524075L, 458003437L, -1652640166L, 
-742295272L, -404240767L, 36330547L, -1513231788L, -1185030558L, 
-38309641L, -1510726847L, -820667962L, 160719620L, 1404225205L, 
337801631L, 1017359864L, -125819946L, 1290403427L, -1055392219L, 
568167874L, 2091434672L, -2059859239L, 752446539L, 1922151100L, 
-168382230L, 337538335L, -149621335L, -548302018L, 1427582508L, 
669244541L, -1274812729L, -1305223248L, -217845298L, 218934011L, 
1875736925L, -1412216182L, 1901328552L, -830993391L, -896606973L, 
1353658372L, 431816754L, -8771449L, -814373679L, -1302856106L, 
-2146283980L, 727721285L, 1785980815L, -1413410040L, 1285264678L, 
814058963L, 33507125L, 1699892882L, -2061731232L, 573201353L, 
